100
69 415 55
579 139 27
958768653 437496635 528289762
207 733 58
694 919 482
167 314 530
512 512 256
451 461 137
529550676 406577446 636386925
397 677 21
382 484 155
942 438 14
4 5 4
5 3 5
637 389 242
1 5 1
746 760 87
461120407 505754728 849466209
2 2 2
833 954 894
3 2 1
2 5 2
366 193 332
512 512 1
4 2 2
975645900 172988007 391698316
4 5 1
1 1 1000
534118289 381609396 620510721
504 688 391
513 513 256
1000 1000 1
192 837 91
1 3 5
512 512 257
566057802 728385604 988201540
149 887 87
613443378 81473616 617389190
644 739 548
513122060 396365448 494821701
834636332 509188956 840897663
4 4 3
3 5 5
5 1 4
512 512 513
29056407 338351676 915117815
267180143 951717036 276936034
3 4 2
513 513 512
461096889 926060122 709937262
94 186 840
341 104 64
103 143 88
412 469 676
5 1 1
755053896 973540163 760696045
41 987 366
121 501 355
707 423 309
144 486 105
536870911 536870911 536870910
1 1 1
5 4 2
676 875 169
4 4 4
960221831 438594977 956220113
804 530 196
513 513 2
294 109 77
4 5 2
670193695 972635247 678331321
561 216 943
185 752 140
144 8 4
686 555 486
874 386 382
694 806 43
833 405 171
1 5 2
1000000000 1000000000 1000000000
3 4 4
905 341 335
1 1 1
5 3 4
596 229 288
661 824 922
256 234 28
45 56 35
648 237 54
602 309 238
300 73 48
536870911 536870911 536870911
512 512 2
351 547 229
513 513 1
7 8 5
513 513 257
661 356 71
568 567 389
5 4 3

